0    2079 1578 6000 1652 2765 2775 2595 2892 1183 1848 611  9999 294  5215 788  1662 3296 4230 501  4763 1855 356  1578 2187 1142 1408
1641 0    2824 6083 2120 2942 2941 3193 3500 1610 2017 2161 9999 2173 5298 2108 1283 3852 4397 2074 4931 3250 2100 806  2933 947  3108
1248 2111 0    4736 716  1453 1594 1004 1301 2528 906  2171 9999 1854 3951 2348 1690 1712 3050 2061 3584 434  1372 2738 586  2302 524
3022 1432 3117 0    4275 3836 3142 4821 5128 6548 4076 6593 9999 6279 785  6770 4926 5348 1686 6483 2230 5159 5794 6120 4756 6052 5261
1292 1592 624  2496 0    1134 1133 1366 1673 2200 209  2245 9999 1930 3490 2422 973  2027 2589 2135 3123 1148 1446 2157 1015 1789 1239
2155 2212 1118 2667 78   0    694  991  1298 3407 935  3357 9999 3040 3051 3534 1785 1518 2150 3247 2684 1444 2568 2979 1014 2911 1892
2121 1778 1372 2107 873  559  0    1679 1986 3406 934  3366 9999 3049 2357 3543 1784 2206 1456 3255 1990 2017 2566 2978 1614 2910 2119
2061 2665 820  3370 1081 780  1302 0    300  3541 1186 3188 9999 2871 4036 3365 2036 711  3135 3078 3669 852  2385 3230 408  3143 1300
2207 2904 973  3620 1314 1007 1543 251  0    3838 1493 3485 9999 3168 4443 3662 2336 476  3442 3375 3976 1144 2682 3537 705  3450 1597
815  1133 1893 2562 1687 2547 2329 2670 2857 0    2482 688  9999 1075 5763 537  2035 4242 4862 800  5396 2805 1389 1070 3127 634  2397
1461 1693 666  2503 173  705  740  972  1215 1854 0    2442 9999 2125 3291 2618 874  1847 2390 2332 2924 1338 1643 2054 926  1986 1428
486  1636 1726 3067 1716 2593 2495 2545 2693 555  1889 0    9999 395  5808 185  2253 3889 4822 120  5356 2448 949  1660 2770 1224 2001
1967 329  2349 1110 1791 2309 1822 2836 3082 1451 1868 1964 9999 9999 9999 9999 9999 9999 9999 9999 9999 9999 9999 9999 9999 9999 9999